   1      0.000000e+00     1.109700e-02     0.000000e+00     0.000000e+00     0.000000e+00     1.515000e-06     1.710700e-10     4.404000e-08     3.392400e-10     6.973000e-08     5.163600e-09     1.605100e-07     5.298100e-08     7.127000e-07     6.102700e-07     3.018400e-06     7.544000e-07     3.830900e-06     1.472000e-06     6.624400e-06     8.594500e-08     1.556600e-05     2.973800e-06     2.021800e-05     4.310700e-06     3.814100e-05     9.718200e-06     9.670300e-01     1.514200e-03     1.995700e-02
   2      0.000000e+00     1.115300e-02     0.000000e+00     0.000000e+00     0.000000e+00     1.564100e-06     1.811000e-10     4.574100e-08     3.623200e-10     7.207300e-08     4.548300e-09     1.606600e-07     5.264900e-08     6.985300e-07     6.622300e-07     3.069600e-06     8.182600e-07     3.653500e-06     1.608800e-06     6.501600e-06     8.949300e-08     1.534000e-05     3.254700e-06     1.986700e-05     4.803900e-06     3.883900e-05     9.767400e-06     9.668400e-01     1.600700e-03     2.002200e-02
   3      0.000000e+00     1.128800e-02     0.000000e+00     0.000000e+00     0.000000e+00     1.576700e-06     1.758400e-10     4.410300e-08     5.851600e-10     7.237000e-08     3.456700e-09     1.600500e-07     4.585400e-08     6.971600e-07     6.440400e-07     3.128100e-06     8.158900e-07     3.786900e-06     1.592000e-06     6.636100e-06     9.309200e-08     1.588000e-05     3.247100e-06     2.043900e-05     4.859600e-06     3.974200e-05     9.667200e-06     9.667100e-01     1.558300e-03     2.006100e-02
   4      0.000000e+00     1.144600e-02     0.000000e+00     0.000000e+00     0.000000e+00     1.521900e-06     1.957100e-10     4.495700e-08     1.298100e-09     7.128700e-08     4.865800e-09     1.585000e-07     5.505300e-08     7.060600e-07     6.014400e-07     3.121700e-06     7.698900e-07     4.122900e-06     1.499300e-06     6.946200e-06     9.759100e-08     1.669600e-05     2.945400e-06     2.148000e-05     4.472200e-06     4.049100e-05     9.540100e-06     9.664900e-01     1.467500e-03     2.018100e-02
   5      0.000000e+00     1.160900e-02     0.000000e+00     0.000000e+00     0.000000e+00     1.382600e-06     2.673100e-10     5.496500e-08     1.721500e-09     7.839600e-08     7.153600e-09     1.651200e-07     9.294000e-08     7.453900e-07     6.769600e-07     3.202900e-06     8.037100e-07     4.282300e-06     1.579200e-06     7.129300e-06     9.679400e-08     1.688000e-05     3.007000e-06     2.185200e-05     4.603100e-06     4.180200e-05     9.325300e-06     9.659100e-01     1.593400e-03     2.043400e-02
   6      0.000000e+00     1.180000e-02     0.000000e+00     0.000000e+00     0.000000e+00     1.242800e-06     3.235700e-10     6.613100e-08     1.413700e-09     9.121200e-08     8.294800e-09     1.846100e-07     1.248200e-07     8.217400e-07     8.160100e-07     3.456600e-06     9.092300e-07     4.186300e-06     1.768500e-06     7.142500e-06     8.969400e-08     1.666600e-05     3.472900e-06     2.171300e-05     5.424500e-06     4.390500e-05     8.991900e-06     9.652500e-01     1.836200e-03     2.063800e-02
   7      0.000000e+00     1.200700e-02     0.000000e+00     0.000000e+00     0.000000e+00     1.187600e-06     3.059900e-10     6.779300e-08     9.618800e-10     1.000100e-07     7.534000e-09     2.102600e-07     1.140700e-07     9.119300e-07     8.886500e-07     3.761600e-06     9.794200e-07     4.075500e-06     1.870100e-06     7.138300e-06     8.336100e-08     1.673900e-05     3.884300e-06     2.183300e-05     6.226700e-06     4.601000e-05     8.649900e-06     9.648900e-01     1.950600e-03     2.065700e-02
   8      0.000000e+00     1.222900e-02     0.000000e+00     0.000000e+00     0.000000e+00     1.188600e-06     2.689600e-10     6.506400e-08     5.103900e-10     1.060700e-07     4.149700e-09     2.286300e-07     8.824600e-08     9.850100e-07     9.275000e-07     4.003100e-06     9.992600e-07     4.153300e-06     1.891100e-06     7.229100e-06     7.914000e-08     1.716000e-05     4.175500e-06     2.237800e-05     6.687400e-06     4.791400e-05     8.348800e-06     9.646500e-01     1.993500e-03     2.062900e-02
   9      0.000000e+00     1.249100e-02     0.000000e+00     0.000000e+00     0.000000e+00     1.118900e-06     2.777000e-10     6.884200e-08     1.341500e-10     1.174400e-07     1.208300e-09     2.482400e-07     8.374500e-08     1.071000e-06     1.032900e-06     4.364400e-06     1.087100e-06     4.254600e-06     2.025100e-06     7.372800e-06     7.272400e-08     1.734300e-05     4.678900e-06     2.247500e-05     7.405900e-06     5.008600e-05     7.976500e-06     9.642200e-01     2.120800e-03     2.065100e-02
  10      0.000000e+00     1.278200e-02     0.000000e+00     0.000000e+00     0.000000e+00     9.424900e-07     3.362700e-10     8.094400e-08     2.229100e-11     1.354800e-07     8.879600e-10     2.779000e-07     1.019200e-07     1.186500e-06     1.210500e-06     4.914300e-06     1.278900e-06     4.235800e-06     2.333000e-06     7.528400e-06     6.402900e-08     1.713000e-05     5.448800e-06     2.178100e-05     8.579800e-06     5.243300e-05     7.495700e-06     9.636400e-01     2.336000e-03     2.069600e-02
  11      0.000000e+00     1.306100e-02     0.000000e+00     0.000000e+00     0.000000e+00     8.058400e-07     4.112300e-10     9.459000e-08     2.944200e-11     1.519800e-07     1.581500e-09     3.022800e-07     1.258400e-07     1.268700e-06     1.374800e-06     5.342900e-06     1.458000e-06     4.176400e-06     2.656700e-06     7.711200e-06     5.929500e-08     1.698900e-05     6.126300e-06     2.112500e-05     9.553300e-06     5.420100e-05     7.115600e-06     9.630800e-01     2.538500e-03     2.074300e-02
  12      0.000000e+00     1.328600e-02     0.000000e+00     0.000000e+00     0.000000e+00     7.733700e-07     4.623400e-10     1.027300e-07     3.507800e-11     1.604600e-07     1.701200e-09     3.122800e-07     1.356700e-07     1.289900e-06     1.448700e-06     5.487800e-06     1.533100e-06     4.142800e-06     2.831900e-06     7.892000e-06     5.989100e-08     1.719800e-05     6.459800e-06     2.101200e-05     9.945000e-06     5.480400e-05     6.887000e-06     9.627700e-01     2.641100e-03     2.072200e-02
  13      0.000000e+00     1.339400e-02     0.000000e+00     0.000000e+00     0.000000e+00     7.601500e-07     4.906500e-10     1.059700e-07     2.417800e-11     1.631200e-07     1.019500e-09     3.127200e-07     1.314400e-07     1.271500e-06     1.453900e-06     5.426200e-06     1.525600e-06     4.012100e-06     2.851000e-06     7.882500e-06     6.033600e-08     1.729100e-05     6.559700e-06     2.082500e-05     1.000900e-05     5.402500e-05     6.668600e-06     9.628000e-01     2.692100e-03     2.054200e-02
  14      0.000000e+00     1.328800e-02     0.000000e+00     0.000000e+00     0.000000e+00     6.903900e-07     5.153500e-10     1.073300e-07     1.222000e-11     1.617700e-07     3.975900e-10     3.043300e-07     1.252000e-07     1.213900e-06     1.427600e-06     5.169500e-06     1.469900e-06     3.641400e-06     2.749700e-06     7.471900e-06     5.614500e-08     1.654500e-05     6.476000e-06     1.970900e-05     9.878700e-06     5.135200e-05     6.381700e-06     9.633100e-01     2.757300e-03     2.009700e-02
  15      0.000000e+00     1.278800e-02     0.000000e+00     0.000000e+00     0.000000e+00     5.892000e-07     5.092100e-10     1.017000e-07     8.210600e-12     1.487300e-07     2.513800e-10     2.738500e-07     1.147300e-07     1.072600e-06     1.295900e-06     4.533400e-06     1.302700e-06     3.098200e-06     2.412200e-06     6.602100e-06     4.792800e-08     1.475700e-05     5.811100e-06     1.757000e-05     8.949100e-06     4.560100e-05     6.097300e-06     9.648200e-01     2.741400e-03     1.914400e-02
  16      0.000000e+00     1.163000e-02     0.000000e+00     0.000000e+00     0.000000e+00     4.893900e-07     4.406600e-10     8.432700e-08     6.875400e-12     1.191000e-07     3.052800e-10     2.144200e-07     9.440100e-08     1.039200e-06     1.101000e-06     4.232600e-06     1.075200e-06     3.125600e-06     1.923200e-06     9.258200e-06     3.909200e-08     1.209400e-05     4.433000e-06     1.484300e-05     6.961500e-06     6.750400e-05     7.742500e-06     9.679700e-01     2.591000e-03     1.734000e-02
  17      0.000000e+00     9.570800e-03     0.000000e+00     0.000000e+00     7.120700e-28     3.555000e-07     3.279300e-10     6.004200e-08     5.303900e-12     8.110200e-08     3.794000e-10     1.417100e-07     6.889100e-08     9.999400e-06     3.147700e-06     2.872100e-05     2.369900e-06     2.031100e-05     3.216200e-06     8.116900e-05     4.172100e-08     9.448300e-06     3.014100e-06     1.798300e-05     5.375400e-06     5.112900e-04     3.415500e-05     9.727100e-01     2.376600e-03     1.436000e-02
  18      0.000000e+00     6.688900e-03     0.000000e+00     0.000000e+00     1.196100e-25     1.916100e-07     2.048800e-10     3.625900e-08     3.752400e-12     4.589100e-08     3.850700e-10     7.716200e-08     4.392300e-08     1.048200e-04     1.677700e-05     2.421500e-04     9.658900e-06     1.503900e-04     1.026700e-05     5.031000e-04     7.624600e-08     8.593000e-06     2.237900e-06     5.461600e-05     6.888500e-06     2.669000e-03     1.611300e-04     9.769300e-01     2.031900e-03     1.024200e-02
  19      0.000000e+00     3.678000e-03     1.010400e-31     0.000000e+00     2.512300e-24     7.017500e-08     9.829800e-11     1.871400e-08     2.114900e-12     2.017500e-08     2.600100e-10     3.468300e-08     2.239900e-08     5.700100e-04     5.449100e-05     1.134800e-03     2.555200e-05     6.347500e-04     2.292700e-05     1.808500e-03     1.350200e-07     9.895700e-06     2.000900e-06     1.707200e-04     1.300900e-05     8.101100e-03     4.842900e-04     9.759200e-01     1.440900e-03     5.844500e-03
  20      0.000000e+00     1.456300e-03     1.158000e-28     0.000000e+00     1.806700e-23     1.872400e-08     3.155700e-11     1.287100e-08     8.025900e-13     6.103900e-09     1.043800e-10     1.936400e-08     9.292600e-09     2.009500e-03     1.165500e-04     3.532500e-03     4.287700e-05     1.790400e-03     3.135700e-05     4.443600e-03     1.607600e-07     1.113000e-05     1.650600e-06     3.851000e-04     2.137100e-05     1.642400e-02     9.773300e-04     9.655100e-01     7.597700e-04     2.454900e-03
  21      0.000000e+00     3.679300e-04     3.399100e-27     0.000000e+00     7.796200e-23     7.297600e-09     5.750300e-12     2.283100e-08     1.811000e-13     1.068300e-09     2.233200e-11     3.064300e-08     7.798100e-09     5.330800e-03     1.958600e-04     8.370000e-03     5.151300e-05     3.843400e-03     2.708700e-05     8.435300e-03     1.205100e-07     1.112100e-05     9.824500e-07     6.558200e-04     2.763800e-05     2.480000e-02     1.429700e-03     9.454900e-01     2.731900e-04     6.836300e-04
  22      0.000000e+00     4.749900e-05     3.082400e-26     0.000000e+00     2.653800e-22     1.200800e-08     6.237000e-13     5.421000e-08     2.056800e-14     1.003400e-10     2.092200e-12     7.290400e-08     1.735600e-08     1.196000e-02     3.013600e-04     1.681100e-02     5.345400e-05     6.972000e-03     1.551300e-05     1.366700e-02     5.538300e-08     1.149700e-05     4.007000e-07     9.210500e-04     2.998200e-05     3.067600e-02     1.618700e-03     9.167500e-01     5.960700e-05     1.067300e-04
  23      0.000000e+00     2.130600e-06     1.545000e-25     0.000000e+00     8.247200e-22     2.906400e-08     4.976900e-13     1.235200e-07     2.136100e-15     4.411700e-11     6.364300e-13     1.775600e-07     3.689300e-08     2.470000e-02     4.403100e-04     3.092200e-02     5.841700e-05     1.152700e-02     7.625000e-06     2.028600e-02     1.832900e-08     1.362600e-05     1.683100e-07     1.150600e-03     2.966600e-05     3.368400e-02     1.514300e-03     8.756500e-01     6.188000e-06     7.500000e-06
  24      0.000000e+00     3.853700e-07     5.064000e-25     0.000000e+00     2.348400e-21     6.617000e-08     1.349400e-12     2.653100e-07     1.709100e-15     6.855500e-11     1.268300e-12     4.315600e-07     6.276000e-08     4.865800e-02     5.683700e-04     5.393900e-02     6.603300e-05     1.800100e-02     5.697900e-06     2.847500e-02     1.168000e-08     1.694000e-05     1.431600e-07     1.337400e-03     2.843800e-05     3.456800e-02     1.271500e-03     8.130600e-01     2.838800e-07     8.739800e-07
  25      0.000000e+00     4.708300e-07     1.194800e-24     0.000000e+00     5.762900e-21     1.363600e-07     3.088600e-12     5.272200e-07     2.115500e-15     9.367800e-11     2.887000e-12     9.848200e-07     8.673900e-08     9.005900e-02     6.129600e-04     8.853200e-02     6.691600e-05     2.646600e-02     5.646500e-06     3.768100e-02     1.482900e-08     2.021100e-05     1.502300e-07     1.460400e-03     2.703000e-05     3.359900e-02     1.040800e-03     7.204300e-01     8.099900e-08     7.246400e-07
  26      0.000000e+00     5.809600e-07     2.171400e-24     0.000000e+00     1.180400e-20     2.498400e-07     5.655100e-12     9.518400e-07     2.136600e-15     1.147700e-10     6.469000e-12     2.004200e-06     1.008900e-07     1.523600e-01     5.512400e-04     1.338100e-01     5.731300e-05     3.598700e-02     5.157600e-06     4.625900e-02     1.948300e-08     2.244600e-05     1.505600e-07     1.483200e-03     2.511200e-05     3.058300e-02     8.485000e-04     5.980000e-01     1.049300e-07     8.172000e-07
  27      0.000000e+00     7.151700e-07     3.203000e-24     0.000000e+00     2.031600e-20     4.061400e-07     8.350600e-12     1.555700e-06     1.777700e-15     1.337100e-10     1.310100e-11     3.589400e-06     1.020700e-07     2.323700e-01     4.269600e-04     1.837600e-01     4.247000e-05     4.467700e-02     4.340700e-06     5.202400e-02     2.566400e-08     2.288700e-05     1.393000e-07     1.384900e-03     2.209000e-05     2.568900e-02     6.569200e-04     4.589100e-01     1.613500e-07     1.086900e-06
  28      0.000000e+00     8.936700e-07     3.985600e-24     0.000000e+00     2.999500e-20     5.935500e-07     1.017600e-11     2.322900e-06     1.323500e-15     7.606400e-10     2.542200e-11     5.696100e-06     9.264400e-08     3.200800e-01     2.989200e-04     2.293900e-01     2.887200e-05     5.061800e-02     3.559600e-06     5.352200e-02     3.249700e-08     2.136800e-05     1.176500e-07     1.186300e-03     1.811600e-05     1.981300e-02     4.570600e-04     3.245500e-01     2.573800e-07     1.499500e-06
  29      0.000000e+00     1.148600e-06     4.465000e-24     0.000000e+00     3.967700e-20     1.044300e-06     1.083200e-11     4.631400e-06     6.934200e-15     6.959000e-08     2.962000e-10     8.166900e-06     7.788300e-08     4.038700e-01     1.981100e-04     2.638300e-01     1.922600e-05     5.299200e-02     2.940500e-06     5.091800e-02     3.795000e-08     1.843300e-05     9.192500e-08     9.386300e-04     1.407300e-05     1.411400e-02     2.779200e-04     2.127900e-01     3.811700e-07     1.893800e-06
  30      0.000000e+00     1.444600e-06     1.839400e-23     0.000000e+00     9.362700e-20     4.313100e-06     1.699700e-11     7.128700e-05     1.167700e-13     7.774700e-07     2.984600e-09     1.137800e-05     6.820000e-08     4.748800e-01     1.294900e-04     2.850500e-01     1.326400e-05     5.235300e-02     2.468800e-06     4.577600e-02     4.053200e-08     1.501000e-05     6.909400e-08     6.962100e-04     1.078400e-05     9.435300e-03     1.493800e-04     1.313900e-01     5.058500e-07     2.093400e-06
  31      0.000000e+00     1.841400e-06     6.524100e-22     0.000000e+00     2.148600e-18     2.959800e-05     1.126400e-10     1.117100e-03     1.459000e-12     5.261600e-06     1.956900e-08     7.471800e-05     1.442400e-07     5.284600e-01     8.812100e-05     2.948200e-01     9.954200e-06     5.003100e-02     2.141900e-06     4.010700e-02     4.030000e-08     1.197600e-05     5.287700e-08     4.942000e-04     8.450500e-06     6.072400e-03     7.531200e-05     7.858900e-02     5.981700e-07     2.023300e-06
  32      0.000000e+00     2.199900e-06     1.018900e-20     0.000000e+00     3.168000e-17     1.382800e-04     6.302100e-10     1.016000e-02     7.674100e-12     3.379500e-05     1.446800e-07     1.547200e-03     1.707800e-06     5.620900e-01     6.895100e-05     2.933200e-01     8.369100e-06     4.674000e-02     1.959000e-06     3.497100e-02     3.775000e-08     9.699400e-06     4.278000e-08     3.388100e-04     6.682500e-06     3.824300e-03     3.891000e-05     4.669500e-02     6.223700e-07     1.716000e-06
  33      0.000000e+00     2.453000e-06     5.808700e-20     0.000000e+00     1.753500e-16     4.536300e-04     2.440700e-09     4.749100e-02     2.556700e-11     2.108900e-04     9.793600e-07     1.010300e-02     1.239300e-05     5.676500e-01     7.133400e-05     2.732800e-01     7.567900e-06     4.144900e-02     1.829800e-06     2.958600e-02     3.224300e-08     7.862100e-06     3.520200e-08     2.177600e-04     4.939000e-06     2.295200e-03     2.066300e-05     2.713200e-02     5.480700e-07     1.255800e-06
  34      0.000000e+00     2.443600e-06     1.652700e-19     0.000000e+00     4.904700e-16     1.097600e-03     6.365900e-09     1.237800e-01     6.104300e-11     7.461700e-04     3.474200e-06     3.047800e-02     4.141000e-05     5.389400e-01     9.376100e-05     2.319500e-01     6.787300e-06     3.356600e-02     1.625500e-06     2.315400e-02     2.407100e-08     6.044000e-06     2.728100e-08     1.261300e-04     3.195900e-06     1.255000e-03     1.069700e-05     1.473700e-02     3.992300e-07     7.846800e-07
  35      0.000000e+00     2.303200e-06     3.061900e-19     0.000000e+00     8.961600e-16     2.098900e-03     1.240800e-08     2.177600e-01     1.153500e-10     1.729000e-03     7.960900e-06     5.870400e-02     8.820000e-05     4.867900e-01     1.267400e-04     1.828000e-01     5.914600e-06     2.506300e-02     1.346500e-06     1.669500e-02     1.589200e-08     4.459300e-06     1.946800e-08     6.657200e-05     1.827100e-06     6.257400e-04     5.266700e-06     7.428900e-03     2.498300e-07     4.329400e-07
  36      0.000000e+00     2.467300e-06     4.396900e-19     0.000000e+00     1.268800e-15     3.572300e-03     2.084800e-08     3.024700e-01     1.954300e-10     3.245300e-03     1.467600e-05     8.732100e-02     1.489000e-04     4.286100e-01     1.606200e-04     1.407100e-01     5.317000e-06     1.817700e-02     1.208700e-06     1.157200e-02     9.894100e-09     2.540200e-05     4.063600e-08     3.934800e-05     9.899700e-07     2.990800e-04     2.537800e-06     3.618900e-03     1.449300e-07     2.259000e-07
  37      0.000000e+00     2.826900e-05     5.480900e-19     0.000000e+00     1.556900e-15     5.877000e-03     3.333800e-08     3.701300e-01     3.223300e-10     5.578700e-03     2.465900e-05     1.133500e-01     2.265500e-04     3.710400e-01     1.933900e-04     1.090600e-01     5.934100e-06     1.372000e-02     2.220000e-06     8.287600e-03     1.015000e-08     3.076700e-04     7.170800e-07     1.900800e-04     1.065200e-06     2.194500e-04     1.510200e-06     1.760300e-03     9.222600e-08     2.383600e-07
  38      0.000000e+00     3.896800e-04     6.240000e-19     0.000000e+00     1.739800e-15     9.623100e-03     5.289500e-08     4.211000e-01     5.325600e-10     9.198700e-03     3.967000e-05     1.361900e-01     3.292900e-04     3.115000e-01     2.276700e-04     8.567100e-02     1.069800e-05     1.292700e-02     7.767900e-06     7.616700e-03     8.150200e-08     1.713000e-03     5.323400e-06     1.420900e-03     6.524300e-06     1.020900e-03     5.521700e-06     9.938600e-04     2.421100e-07     2.144800e-06
  39      0.000000e+00     2.721000e-03     6.456200e-19     0.000000e+00     1.758900e-15     1.574600e-02     8.410600e-08     4.492600e-01     8.852800e-10     1.469500e-02     6.173500e-05     1.528900e-01     4.626000e-04     2.450900e-01     2.647900e-04     6.882700e-02     2.552400e-05     1.879900e-02     2.608600e-05     1.160100e-02     6.742400e-07     6.165400e-03     2.380400e-05     6.323800e-03     3.670100e-05     5.481500e-03     3.823900e-05     1.446900e-03     1.533100e-06     1.474900e-05
  40      0.000000e+00     1.292200e-02     5.774300e-19     0.000000e+00     1.527500e-15     2.473300e-02     1.292900e-07     4.394700e-01     1.422100e-09     2.187100e-02     8.944100e-05     1.560200e-01     6.060100e-04     1.720900e-01     2.949800e-04     5.667800e-02     5.361400e-05     3.188600e-02     7.124600e-05     2.156600e-02     3.808400e-06     1.596000e-02     7.891800e-05     1.957700e-02     1.536500e-04     2.084900e-02     1.906500e-04     4.762200e-03     7.267000e-06     6.604100e-05
  41      0.000000e+00     4.558400e-02     4.110300e-19     0.000000e+00     1.045900e-15     3.508100e-02     1.809900e-07     3.804600e-01     2.075600e-09     2.841300e-02     1.131100e-04     1.382200e-01     6.943600e-04     1.055900e-01     2.904800e-04     4.539000e-02     8.475700e-05     4.171100e-02     1.641400e-04     3.225400e-02     1.590900e-05     2.961300e-02     2.061700e-04     4.347700e-02     5.082100e-04     5.716000e-02     6.814000e-04     1.405300e-02     2.421000e-05     2.059500e-04
  42      0.000000e+00     1.233400e-01     2.121700e-19     0.000000e+00     5.121500e-16     4.229600e-02     2.168900e-07     2.832500e-01     2.588800e-09     3.001700e-02     1.164200e-04     1.015500e-01     6.472100e-04     6.094900e-02     2.311200e-04     3.110000e-02     1.120300e-04     3.481200e-02     3.558900e-04     3.277600e-02     5.156900e-05     3.955100e-02     4.491000e-04     7.038300e-02     1.366400e-03     1.140300e-01     1.766600e-03     3.033100e-02     5.696600e-05     4.511400e-04
  43      0.000000e+00     2.601700e-01     6.876000e-20     0.000000e+00     1.527500e-16     4.196000e-02     2.136900e-07     1.751200e-01     2.660500e-09     2.440500e-02     9.231400e-05     5.885600e-02     4.590700e-04     3.146700e-02     1.424100e-04     1.578900e-02     1.679000e-04     1.900900e-02     7.480300e-04     2.304900e-02     1.326700e-04     4.222100e-02     8.500300e-04     8.706700e-02     2.958700e-03     1.649900e-01     3.299300e-03     4.626600e-02     9.358300e-05     6.828100e-04
  44      0.000000e+00     4.251500e-01     1.186300e-20     0.000000e+00     2.365000e-17     3.290000e-02     1.635800e-07     8.366000e-02     2.139000e-09     1.413400e-02     5.215100e-05     2.421700e-02     2.241700e-04     1.186400e-02     7.323000e-05     7.023800e-03     2.783200e-04     1.299300e-02     1.340500e-03     1.749700e-02     2.642100e-04     4.806700e-02     1.358600e-03     9.078400e-02     4.883400e-03     1.700700e-01     4.305400e-03     4.806200e-02     1.036400e-04     6.839600e-04
  45      0.000000e+00     5.556300e-01     1.350000e-21     0.000000e+00     3.779500e-18     2.140200e-02     9.936500e-08     3.119400e-02     1.389700e-09     5.659200e-03     2.036800e-05     6.306200e-03     6.967600e-05     3.241300e-03     4.593200e-05     5.418100e-03     3.953900e-04     1.683900e-02     1.880500e-03     2.187300e-02     4.060900e-04     6.525100e-02     1.768800e-03     8.892000e-02     6.027000e-03     1.288300e-01     3.983900e-03     3.430900e-02     7.835000e-05     4.520700e-04
  46      0.000000e+00     6.335400e-01     2.301900e-22     0.000000e+00     1.404300e-18     1.330400e-02     5.258500e-08     1.097500e-02     8.244200e-10     1.726600e-03     6.039100e-06     9.831000e-04     1.580200e-05     1.332000e-03     4.560000e-05     6.646000e-03     4.678800e-04     2.263400e-02     2.155200e-03     3.026600e-02     5.083900e-04     8.604100e-02     1.928200e-03     8.206700e-02     5.847900e-03     7.836000e-02     2.826000e-03     1.807100e-02     4.427800e-05     2.078800e-04
  47      0.000000e+00     6.796700e-01     9.677900e-23     0.000000e+00     6.856100e-19     9.132400e-03     2.722200e-08     4.614400e-03     5.187600e-10     5.742800e-04     1.906100e-06     2.319100e-04     8.373300e-06     1.465000e-03     5.291300e-05     8.415400e-03     4.917800e-04     2.849500e-02     2.166000e-03     3.934400e-02     5.451500e-04     1.003500e-01     1.843500e-03     6.745100e-02     4.701600e-03     4.113800e-02     1.659300e-03     7.567800e-03     2.159600e-05     7.006700e-05
  48      0.000000e+00     7.124900e-01     4.798100e-23     0.000000e+00     3.263700e-19     7.204100e-03     1.434000e-08     2.103400e-03     3.747900e-10     2.584600e-04     7.689600e-07     1.953800e-04     9.615500e-06     1.869200e-03     6.020000e-05     1.032500e-02     4.819900e-04     3.496800e-02     1.998200e-03     4.848100e-02     5.106500e-04     1.037000e-01     1.589900e-03     4.781100e-02     3.204900e-03     1.913400e-02     8.497200e-04     2.721800e-03     1.128400e-05     1.943800e-05
  49      0.000000e+00     7.390000e-01     2.094500e-23     0.000000e+00     1.334100e-19     6.291900e-03     7.633600e-09     8.677700e-04     3.124100e-10     1.339000e-04     3.069200e-07     2.189700e-04     1.176900e-05     2.333900e-03     6.707500e-05     1.246100e-02     4.538500e-04     4.239100e-02     1.734200e-03     5.651300e-02     4.177900e-04     9.552200e-02     1.250100e-03     2.905300e-02     1.862700e-03     8.024500e-03     3.988500e-04     9.776500e-04     7.215300e-06     6.593600e-06
  50      0.000000e+00     7.616300e-01     6.552900e-24     0.000000e+00     4.044000e-20     5.944300e-03     4.599000e-09     2.753900e-04     2.929500e-10     8.058600e-05     9.281500e-08     2.552300e-04     1.424200e-05     2.847000e-03     7.424900e-05     1.491100e-02     4.210200e-04     5.048000e-02     1.447500e-03     6.161800e-02     3.001100e-04     7.866600e-02     9.038500e-04     1.537600e-02     9.411700e-04     3.215700e-03     1.818700e-04     4.124700e-04     4.807100e-06     3.462200e-06
  51      0.000000e+00     7.817700e-01     9.682600e-25     0.000000e+00     5.969500e-21     5.988400e-03     3.734500e-09     5.582400e-05     2.943700e-10     6.629500e-05     1.405700e-08     2.991900e-04     1.692100e-05     3.401200e-03     8.233600e-05     1.770300e-02     3.920100e-04     5.843600e-02     1.187100e-03     6.232200e-02     1.932200e-04     5.817200e-02     6.041800e-04     7.325000e-03     4.293800e-04     1.289800e-03     8.127800e-05     1.848200e-04     2.762400e-06     1.854400e-06
  52      0.000000e+00     8.003200e-01     1.244600e-26     0.000000e+00     7.695400e-23     6.298700e-03     3.961800e-09     1.966000e-05     3.059100e-10     7.106400e-05     5.908500e-10     3.471600e-04     1.969400e-05     3.984800e-03     9.153000e-05     2.078000e-02     3.699000e-04     6.518100e-02     9.749600e-04     5.824700e-02     1.158100e-04     3.877100e-02     3.723800e-04     3.230500e-03     1.821800e-04     5.091900e-04     3.418500e-05     7.506200e-05     1.268600e-06     7.970400e-07
  53      0.000000e+00     8.177500e-01     0.000000e+00     0.000000e+00     0.000000e+00     6.755900e-03     4.457900e-09     2.108700e-05     3.208000e-10     7.999800e-05     4.638400e-10     3.957500e-04     2.245000e-05     4.582400e-03     1.015500e-04     2.402100e-02     3.546400e-04     6.968600e-02     8.128700e-04     5.023400e-02     6.758800e-05     2.328800e-02     2.090100e-04     1.319700e-03     7.164200e-05     1.889300e-04     1.297700e-05     2.571400e-05     4.461700e-07     2.531300e-07
  54      0.000000e+00     8.339700e-01     0.000000e+00     0.000000e+00     0.000000e+00     7.312100e-03     5.019500e-09     2.320400e-05     3.380400e-10     8.903400e-05     5.237600e-10     4.427600e-04     2.509200e-05     5.175100e-03     1.117700e-04     2.725900e-02     3.449600e-04     7.122400e-02     6.910000e-04     4.000000e-02     3.953600e-05     1.259100e-02     1.053800e-04     4.907300e-04     2.555000e-05     6.348700e-05     4.322500e-06     7.326800e-06     1.180500e-07     5.799800e-08
  55      0.000000e+00     8.488700e-01     0.000000e+00     0.000000e+00     0.000000e+00     7.935400e-03     5.645100e-09     2.542100e-05     3.579500e-10     9.784100e-05     5.791000e-10     4.872500e-04     2.757600e-05     5.750500e-03     1.214700e-04     3.034100e-02     3.386500e-04     6.956800e-02     5.936800e-04     2.944500e-02     2.314200e-05     6.135000e-03     4.735100e-05     1.654400e-04     8.207900e-06     1.903100e-05     1.231300e-06     1.721200e-06     2.290900e-08     9.434900e-09
  56      0.000000e+00     8.622200e-01     0.000000e+00     0.000000e+00     0.000000e+00     8.576000e-03     6.320500e-09     2.762700e-05     3.799700e-10     1.061600e-04     6.288200e-10     5.284500e-04     2.986000e-05     6.294600e-03     1.299300e-04     3.309600e-02     3.331100e-04     6.513200e-02     5.080200e-04     2.019000e-02     1.330700e-05     2.738600e-03     1.912200e-05     5.108900e-05     2.381300e-06     5.022500e-06     2.880700e-07     3.213100e-07     3.129600e-09     1.050100e-09
  57      0.000000e+00     8.741500e-01     0.000000e+00     0.000000e+00     0.000000e+00     9.197200e-03     7.046600e-09     2.977700e-05     4.038600e-10     1.140200e-04     6.742900e-10     5.668900e-04     3.196500e-05     6.806700e-03     1.367000e-04     3.541300e-02     3.258200e-04     5.867900e-02     4.262600e-04     1.295300e-02     7.325500e-06     1.136300e-03     6.972100e-06     1.437100e-05     6.084800e-07     1.109100e-06     5.044300e-08     4.292800e-08     2.731800e-10     7.275700e-11
  58      0.000000e+00     8.846400e-01     0.000000e+00     0.000000e+00     0.000000e+00     9.761600e-03     7.810600e-09     3.181100e-05     4.289000e-10     1.213700e-04     7.163900e-10     6.024200e-04     3.387100e-05     7.277500e-03     1.414600e-04     3.717900e-02     3.155400e-04     5.123900e-02     3.487200e-04     7.857100e-03     3.827700e-06     4.446900e-04     2.305700e-06     3.692600e-06     1.343700e-07     1.982800e-07     6.098800e-09     3.654100e-09     1.266200e-11     2.499600e-12
  59      0.000000e+00     8.937600e-01     0.000000e+00     0.000000e+00     0.000000e+00     1.025000e-02     8.613900e-09     3.371300e-05     4.548500e-10     1.282400e-04     7.561800e-10     6.351800e-04     3.558000e-05     7.703300e-03     1.441300e-04     3.832500e-02     3.019200e-04     4.366100e-02     2.782200e-04     4.579000e-03     1.920100e-06     1.633100e-04     6.697300e-07     8.230400e-07     2.353700e-08     2.631500e-08     4.735600e-10     2.003100e-10     3.472700e-13     4.661300e-14
  60      0.000000e+00     9.015600e-01     0.000000e+00     0.000000e+00     0.000000e+00     1.065200e-02     9.447100e-09     3.546400e-05     4.811800e-10     1.346000e-04     7.937100e-10     6.649800e-04     3.708900e-05     8.079600e-03     1.448600e-04     3.884700e-02     2.856900e-04     3.662400e-02     2.181000e-04     2.656400e-03     9.796200e-07     5.902100e-05     1.748100e-07     1.583900e-07     3.041800e-09     2.272400e-09     1.561200e-11     4.034900e-12     2.897600e-15     2.583600e-16
  61      0.000000e+00     9.082600e-01     0.000000e+00     0.000000e+00     0.000000e+00     1.097800e-02     1.030200e-08     3.707600e-05     5.075500e-10     1.405000e-04     8.291800e-10     6.921600e-04     3.842700e-05     8.411400e-03     1.441000e-04     3.884200e-02     2.679600e-04     3.042500e-02     1.688100e-04     1.576100e-03     5.366800e-07     2.251100e-05     4.432300e-08     2.897400e-08     3.022000e-10     1.363700e-10     2.689300e-13     4.050900e-14     8.870200e-18     4.259400e-19
  62      0.000000e+00     9.141100e-01     0.000000e+00     0.000000e+00     0.000000e+00     1.124400e-02     1.118100e-08     3.858800e-05     5.340400e-10     1.460600e-04     8.631500e-10     7.174200e-04     3.964500e-05     8.708800e-03     1.423000e-04     3.842800e-02     2.495100e-04     2.507700e-02     1.289500e-04     9.607300e-04     3.183500e-07     9.454400e-06     1.213900e-08     5.971600e-09     3.086400e-11     8.544900e-12     3.880300e-15     3.159700e-16     2.031800e-20     7.215800e-22
  63      0.000000e+00     9.192300e-01     0.000000e+00     0.000000e+00     0.000000e+00     1.146100e-02     1.207200e-08     4.000700e-05     5.604200e-10     1.513100e-04     8.955800e-10     7.409300e-04     4.076200e-05     8.975800e-03     1.398700e-04     3.771900e-02     2.311900e-04     2.057500e-02     9.730700e-05     5.962200e-04     1.985500e-07     4.291900e-06     3.647000e-09     1.418200e-09     3.583500e-12     6.567400e-13     8.519000e-17     4.336200e-18     1.301000e-22     4.415500e-24
  64      0.000000e+00     9.235000e-01     0.000000e+00     0.000000e+00     0.000000e+00     1.163200e-02     1.292100e-08     4.127900e-05     5.852300e-10     1.560300e-04     9.249500e-10     7.618100e-04     4.174400e-05     9.205100e-03     1.372400e-04     3.686200e-02     2.143600e-04     1.699500e-02     7.349900e-05     3.780800e-04     1.281300e-07     2.061500e-06     1.182500e-09     3.768200e-10     4.290400e-13     5.398300e-14     2.862500e-18     1.125500e-19     2.284000e-24     6.681600e-26
  65      0.000000e+00     9.271300e-01     0.000000e+00     0.000000e+00     0.000000e+00     1.176800e-02     1.375300e-08     4.245400e-05     6.094100e-10     1.603900e-04     9.523600e-10     7.808600e-04     4.263500e-05     9.406800e-03     1.345100e-04     3.589700e-02     1.987800e-04     1.413800e-02     5.560400e-05     2.432200e-04     8.394000e-08     1.010600e-06     3.968400e-10     1.108700e-10     6.386400e-14     5.578200e-15     1.100900e-19     3.327600e-21     3.002400e-26     4.657400e-28
  66      0.000000e+00     9.301200e-01     0.000000e+00     0.000000e+00     0.000000e+00     1.187200e-02     1.453800e-08     4.350900e-05     6.322000e-10     1.643000e-04     9.770800e-10     7.976900e-04     4.341600e-05     9.578800e-03     1.318800e-04     3.491500e-02     1.849600e-04     1.194500e-02     4.272400e-05     1.622200e-04     5.649200e-08     5.136600e-07     1.272000e-10     3.108600e-11     8.762300e-15     6.379900e-16     8.536900e-21     2.275600e-22     7.157500e-28     0.000000e+00
  67      0.000000e+00     9.326600e-01     0.000000e+00     0.000000e+00     0.000000e+00     1.195600e-02     1.530800e-08     4.449500e-05     6.547600e-10     1.679400e-04     1.000300e-09     8.131300e-04     4.412800e-05     9.730900e-03     1.293200e-04     3.391800e-02     1.723900e-04     1.021900e-02     3.326900e-05     1.124300e-04     3.896700e-08     2.822200e-07     4.704900e-11     1.040700e-11     1.124100e-15     5.959700e-17     4.213200e-22     8.709500e-24     1.737300e-30     0.000000e+00
  68      0.000000e+00     9.348800e-01     0.000000e+00     0.000000e+00     0.000000e+00     1.202300e-02     1.607900e-08     4.544200e-05     6.776900e-10     1.714200e-04     1.022700e-09     8.276300e-04     4.479400e-05     9.869100e-03     1.268200e-04     3.291800e-02     1.607700e-04     8.824800e-03     2.613600e-05     7.966300e-05     2.711700e-08     1.603800e-07     1.929100e-11     4.047300e-12     2.337200e-16     1.070500e-17     4.978200e-23     6.364500e-25     0.000000e+00     0.000000e+00
  69      0.000000e+00     9.368600e-01     0.000000e+00     0.000000e+00     0.000000e+00     1.208000e-02     1.685600e-08     4.636300e-05     7.012900e-10     1.747800e-04     1.044600e-09     8.414400e-04     4.542400e-05     9.996800e-03     1.243800e-04     3.192000e-02     1.499200e-04     7.684500e-03     2.071000e-05     5.744600e-05     1.896200e-08     9.191900e-08     8.116500e-12     1.637700e-12     6.675400e-17     2.925000e-18     1.122000e-23     9.212600e-26     0.000000e+00     0.000000e+00
  70      0.000000e+00     9.386700e-01     0.000000e+00     0.000000e+00     0.000000e+00     1.212600e-02     1.766600e-08     4.729100e-05     7.265900e-10     1.781400e-04     1.066700e-09     8.550300e-04     4.603800e-05     1.011800e-02     1.219100e-04     3.090200e-02     1.395100e-04     6.735300e-03     1.657400e-05     4.236200e-05     1.340900e-08     5.331500e-08     3.247000e-12     6.184900e-13     1.709200e-17     7.082500e-19     2.126100e-24     1.292400e-26     0.000000e+00     0.000000e+00
  71      0.000000e+00     9.403100e-01     0.000000e+00     0.000000e+00     0.000000e+00     1.216500e-02     1.848900e-08     4.820600e-05     7.531100e-10     1.814300e-04     1.088600e-09     8.681600e-04     4.662600e-05     1.023200e-02     1.195000e-04     2.989400e-02     1.297200e-04     5.957400e-03     1.350600e-05     3.249400e-05     9.809100e-09     3.331800e-08     1.426200e-12     2.510700e-13     4.256200e-18     1.523300e-19     2.097700e-25     5.861800e-28     0.000000e+00     0.000000e+00
  72      0.000000e+00     9.418500e-01     0.000000e+00     0.000000e+00     0.000000e+00     1.219800e-02     1.933500e-08     4.912500e-05     7.813200e-10     1.847100e-04     1.110700e-09     8.811200e-04     4.719900e-05     1.034200e-02     1.170900e-04     2.888700e-02     1.203400e-04     5.292300e-03     1.112500e-05     2.566500e-05     7.377800e-09     2.258900e-08     7.734600e-13     1.274900e-13     1.638900e-18     4.930400e-20     6.440200e-27     0.000000e+00     0.000000e+00     0.000000e+00
  73      0.000000e+00     9.433200e-01     0.000000e+00     0.000000e+00     0.000000e+00     1.222600e-02     2.021300e-08     5.006200e-05     8.116300e-10     1.880400e-04     1.133500e-09     8.941400e-04     4.776500e-05     1.044800e-02     1.146700e-04     2.787300e-02     1.111700e-04     4.693800e-03     9.139100e-06     2.039100e-05     5.560300e-09     1.573600e-08     4.614400e-13     7.218700e-14     8.278500e-19     2.223000e-20     6.706400e-31     0.000000e+00     0.000000e+00     0.000000e+00
  74      0.000000e+00     9.447200e-01     0.000000e+00     0.000000e+00     0.000000e+00     1.225100e-02     2.109400e-08     5.099100e-05     8.433100e-10     1.913200e-04     1.156300e-09     9.069300e-04     4.830800e-05     1.055000e-02     1.122900e-04     2.688400e-02     1.024900e-04     4.161800e-03     7.482800e-06     1.623100e-05     4.176800e-09     1.105900e-08     2.804300e-13     4.160900e-14     4.259700e-19     9.968700e-21     0.000000e+00     0.000000e+00     0.000000e+00     0.000000e+00
  75      0.000000e+00     9.459900e-01     0.000000e+00     0.000000e+00     0.000000e+00     1.227100e-02     2.195700e-08     5.188900e-05     8.756900e-10     1.944900e-04     1.178700e-09     9.191800e-04     4.881200e-05     1.064400e-02     1.100300e-04     2.595300e-02     9.453000e-05     3.699400e-03     6.121600e-06     1.296200e-05     3.127700e-09     7.851200e-09     1.764400e-13     2.513100e-14     2.352600e-19     4.909400e-21     0.000000e+00     0.000000e+00     0.000000e+00     0.000000e+00
  76      0.000000e+00     9.471500e-01     0.000000e+00     0.000000e+00     0.000000e+00     1.228700e-02     2.279500e-08     5.275000e-05     9.086500e-10     1.975200e-04     1.200600e-09     9.308700e-04     4.927400e-05     1.073000e-02     1.078900e-04     2.508800e-02     8.735200e-05     3.301000e-03     5.003200e-06     1.035500e-05     2.316400e-09     5.521400e-09     1.093600e-13     1.499500e-14     1.288300e-19     2.421900e-21     0.000000e+00     0.000000e+00     0.000000e+00     0.000000e+00
  77      0.000000e+00     9.481600e-01     0.000000e+00     0.000000e+00     0.000000e+00     1.229800e-02     2.358600e-08     5.355500e-05     9.415400e-10     2.003400e-04     1.221400e-09     9.417500e-04     4.968200e-05     1.080700e-02     1.059300e-04     2.431300e-02     8.114100e-05     2.972800e-03     4.130900e-06     8.377500e-06     1.723500e-09     3.909900e-09     6.742100e-14     8.900400e-15     6.924300e-20     1.152300e-21     0.000000e+00     0.000000e+00     0.000000e+00     0.000000e+00
  78      0.000000e+00     9.490400e-01     0.000000e+00     0.000000e+00     0.000000e+00     1.230500e-02     2.433100e-08     5.430400e-05     9.742000e-10     2.029700e-04     1.241100e-09     9.518400e-04     5.004100e-05     1.087400e-02     1.041300e-04     2.362400e-02     7.583700e-05     2.707700e-03     3.470100e-06     6.924000e-06     1.307600e-09     2.845400e-09     4.285300e-14     5.498700e-15     3.895300e-20     5.847000e-22     0.000000e+00     0.000000e+00     0.000000e+00     0.000000e+00
  79      0.000000e+00     9.497900e-01     0.000000e+00     0.000000e+00     0.000000e+00     1.230700e-02     2.502300e-08     5.499300e-05     1.006200e-09     2.053800e-04     1.259700e-09     9.611100e-04     5.034900e-05     1.093100e-02     1.025000e-04     2.301900e-02     7.136800e-05     2.495000e-03     2.971500e-06     5.851900e-06     1.014200e-09     2.125700e-09     2.768800e-14     3.469300e-15     2.213500e-20     2.993600e-22     0.000000e+00     0.000000e+00     0.000000e+00     0.000000e+00
  80      0.000000e+00     9.504400e-01     0.000000e+00     0.000000e+00     0.000000e+00     1.230600e-02     2.567100e-08     5.562900e-05     1.037700e-09     2.076100e-04     1.277400e-09     9.696800e-04     5.061400e-05     1.098100e-02     1.010100e-04     2.248600e-02     6.760900e-05     2.325300e-03     2.601000e-06     5.071900e-06     8.114800e-10     1.646000e-09     1.834700e-14     2.248300e-15     1.254700e-20     1.464300e-22     0.000000e+00     0.000000e+00     0.000000e+00     0.000000e+00
