  80
  9.02244e-05
   1      3.750000e+02     3.133666e+00     9.885933e-01     9.469279e-01     8.537952e-06     3.782708e-05     1.871577e-05
   2      7.500000e+02     3.145360e+00     9.885566e-01     9.471219e-01     8.579530e-06     3.851785e-05     1.819952e-05
   3      1.125000e+03     3.147193e+00     9.884236e-01     9.478426e-01     8.530431e-06     3.946711e-05     1.871018e-05
   4      1.500000e+03     3.141870e+00     9.882383e-01     9.487366e-01     8.326019e-06     4.020492e-05     1.983366e-05
   5      1.875000e+03     3.133902e+00     9.880378e-01     9.496692e-01     7.934382e-06     4.140356e-05     2.016364e-05
   6      2.250000e+03     3.109354e+00     9.878217e-01     9.502945e-01     7.507052e-06     4.339712e-05     1.969621e-05
   7      2.625000e+03     3.096173e+00     9.876038e-01     9.503570e-01     7.238433e-06     4.550325e-05     1.942508e-05
   8      3.000000e+03     3.072460e+00     9.873769e-01     9.501729e-01     7.127560e-06     4.749141e-05     1.979169e-05
   9      3.375000e+03     3.044725e+00     9.871021e-01     9.501432e-01     6.892349e-06     4.971137e-05     1.967959e-05
  10      3.750000e+03     3.022230e+00     9.867820e-01     9.503564e-01     6.414621e-06     5.202279e-05     1.858221e-05
  11      4.125000e+03     3.002765e+00     9.864807e-01     9.504829e-01     5.973660e-06     5.372395e-05     1.759510e-05
  12      4.500000e+03     2.985083e+00     9.862514e-01     9.503647e-01     5.721136e-06     5.429756e-05     1.734675e-05
  13      4.875000e+03     2.955510e+00     9.861498e-01     9.503251e-01     5.546610e-06     5.353901e-05     1.710298e-05
  14      5.250000e+03     2.923280e+00     9.862714e-01     9.508484e-01     5.338949e-06     5.090338e-05     1.598023e-05
  15      5.625000e+03     2.887766e+00     9.868052e-01     9.523162e-01     5.161296e-06     4.520814e-05     1.413146e-05
  16      6.000000e+03     2.861937e+00     9.880183e-01     9.553150e-01     5.088596e-06     6.466551e-05     1.211554e-05
  17      6.375000e+03     2.825065e+00     9.900283e-01     9.603892e-01     5.177939e-06     4.686914e-04     1.580145e-05
  18      6.750000e+03     2.791067e+00     9.921110e-01     9.659699e-01     5.810851e-06     2.418329e-03     5.144594e-05
  19      7.125000e+03     2.756184e+00     9.919884e-01     9.671509e-01     7.440427e-06     7.275772e-03     1.636039e-04
  20      7.500000e+03     2.719959e+00     9.865475e-01     9.590367e-01     9.714599e-06     1.465191e-02     3.713409e-04
  21      7.875000e+03     2.680954e+00     9.733714e-01     9.406794e-01     1.148845e-05     2.209333e-02     6.353003e-04
  22      8.250000e+03     2.650136e+00     9.501708e-01     9.128493e-01     1.189025e-05     2.753934e-02     8.964986e-04
  23      8.625000e+03     2.618269e+00     9.120567e-01     8.723078e-01     1.098018e-05     3.074393e-02     1.125348e-03
  24      8.999999e+03     2.587241e+00     8.502862e-01     8.102180e-01     9.452352e-06     3.213408e-02     1.313215e-03
  25      9.375000e+03     2.560505e+00     7.565756e-01     7.180571e-01     7.889097e-06     3.163820e-02     1.437236e-03
  26      9.749999e+03     2.531786e+00     6.309629e-01     5.960731e-01     6.396261e-06     2.899729e-02     1.461139e-03
  27      1.012500e+04     2.504536e+00     4.866904e-01     4.574128e-01     4.870991e-06     2.446875e-02     1.365516e-03
  28      1.050000e+04     2.465656e+00     3.460468e-01     3.234432e-01     3.367835e-06     1.897121e-02     1.171128e-03
  29      1.087500e+04     2.414217e+00     2.281508e-01     2.120085e-01     2.084699e-06     1.360110e-02     9.282290e-04
  30      1.125000e+04     2.364317e+00     1.417019e-01     1.308552e-01     1.172022e-06     9.146037e-03     6.896730e-04
  31      1.162500e+04     2.306631e+00     8.525434e-02     7.820991e-02     6.245090e-07     5.902636e-03     4.901909e-04
  32      1.200000e+04     2.267754e+00     5.091611e-02     4.642007e-02     3.309163e-07     3.712924e-03     3.363186e-04
  33      1.237500e+04     2.254158e+00     2.967981e-02     2.693748e-02     1.734176e-07     2.221309e-03     2.162164e-04
  34      1.275000e+04     2.284888e+00     1.613914e-02     1.461166e-02     8.692991e-08     1.210282e-03     1.251846e-04
  35      1.312500e+04     2.332285e+00     8.133470e-03     7.354750e-03     4.181059e-08     6.011347e-04     6.597454e-05
  36      1.350000e+04     2.354747e+00     3.986689e-03     3.576489e-03     2.002962e-08     2.860761e-04     3.894116e-05
  37      1.387500e+04     2.320309e+00     2.481153e-03     1.735856e-03     1.107120e-08     2.124280e-04     1.894531e-04
  38      1.425000e+04     2.221702e+00     5.168489e-03     9.755595e-04     3.567531e-08     1.014447e-03     1.417980e-03
  39      1.462500e+04     2.055779e+00     1.953336e-02     1.404428e-03     3.035428e-07     5.456438e-03     6.312135e-03
  40      1.500000e+04     1.853044e+00     6.164848e-02     4.589689e-03     1.801868e-06     2.071866e-02     1.954142e-02
  41      1.537500e+04     1.634417e+00     1.459457e-01     1.348170e-02     7.447624e-06     5.662721e-02     4.338901e-02
  42      1.575000e+04     1.426565e+00     2.584380e-01     2.895852e-02     2.203106e-05     1.124126e-01     7.018683e-02
  43      1.612500e+04     1.253461e+00     3.485661e-01     4.392850e-02     4.680465e-05     1.614151e-01     8.664276e-02
  44      1.650000e+04     1.134540e+00     3.685865e-01     4.533245e-02     6.989467e-05     1.645429e-01     8.997547e-02
  45      1.687500e+04     1.076285e+00     3.300304e-01     3.209881e-02     7.518805e-05     1.228068e-01     8.772795e-02
  46      1.725000e+04     1.043675e+00     2.759019e-01     1.672935e-02     6.379262e-05     7.338533e-02     8.070063e-02
  47      1.762500e+04     1.007925e+00     2.253443e-01     6.898682e-03     4.665900e-05     3.781439e-02     6.617291e-02
  48      1.800000e+04     9.633137e-01     1.795574e-01     2.417823e-03     3.106931e-05     1.727038e-02     4.680556e-02
  49      1.837500e+04     9.050027e-01     1.375206e-01     8.333475e-04     1.928558e-05     7.122335e-03     2.838068e-02
  50      1.875000e+04     8.385265e-01     1.000058e-01     3.375228e-04     1.118956e-05     2.814941e-03     1.498579e-02
  51      1.912500e+04     7.634876e-01     6.828429e-02     1.474057e-04     5.942619e-06     1.116155e-03     7.122931e-03
  52      1.950000e+04     6.822326e-01     4.329259e-02     5.907902e-05     2.800669e-06     4.362933e-04     3.134752e-03
  53      1.987500e+04     5.928391e-01     2.518474e-02     2.018337e-05     1.138669e-06     1.605236e-04     1.278117e-03
  54      2.025000e+04     4.970793e-01     1.332779e-02     5.791221e-06     3.908020e-07     5.357204e-05     4.744270e-04
  55      2.062500e+04     3.962503e-01     6.401126e-03     1.382923e-06     1.098052e-07     1.599093e-05     1.596385e-04
  56      2.100000e+04     2.900587e-01     2.830147e-03     2.644925e-07     2.410447e-08     4.221441e-06     4.917656e-05
  57      2.137500e+04     1.763972e-01     1.166786e-03     3.640213e-08     3.742304e-09     9.388099e-07     1.378820e-05
  58      2.175000e+04     6.821407e-02     4.548612e-04     3.212548e-09     3.712383e-10     1.705050e-07     3.531085e-06
  59      2.212500e+04    -4.405310e-02     1.667686e-04     1.817562e-10     2.268071e-11     2.318622e-08     7.854128e-07
  60      2.250000e+04    -1.543672e-01     6.033918e-05     3.784385e-12     4.849464e-13     2.075465e-09     1.512028e-07
  61      2.287500e+04    -2.622410e-01     2.312191e-05     3.903774e-14     4.845870e-15     1.289026e-10     2.777657e-08
  62      2.325000e+04    -3.655590e-01     9.790899e-06     3.096981e-16     3.594518e-17     8.267261e-12     5.761245e-09
  63      2.362500e+04    -4.729036e-01     4.495484e-06     4.275556e-18     5.156035e-19     6.432336e-13     1.377214e-09
  64      2.400000e+04    -5.735689e-01     2.191231e-06     1.111606e-19     1.512103e-20     5.321866e-14     3.682456e-10
  65      2.437500e+04    -6.749513e-01     1.095001e-06     3.291225e-21     5.601806e-22     5.526390e-15     1.088220e-10
  66      2.475000e+04    -7.703358e-01     5.703083e-07     2.253260e-22     4.269875e-23     6.330332e-16     3.065285e-11
  67      2.512500e+04    -8.666757e-01     3.212412e-07     8.658528e-24     1.795975e-24     5.927346e-17     1.030130e-11
  68      2.550000e+04    -9.641830e-01     1.875230e-07     6.356401e-25     1.215023e-25     1.066101e-17     4.014433e-12
  69      2.587500e+04    -1.057633e+00     1.108903e-07     9.212581e-26     1.560110e-26     2.914671e-18     1.626467e-12
  70      2.625000e+04    -1.157073e+00     6.672755e-08     1.292407e-26     2.244006e-27     7.061208e-19     6.151025e-13
  71      2.662500e+04    -1.248043e+00     4.312913e-08     5.861757e-28     1.056410e-28     1.520182e-19     2.500624e-13
  72      2.700000e+04    -1.337593e+00     2.996798e-08     0.000000e+00     0.000000e+00     4.923750e-20     1.270728e-13
  73      2.737500e+04    -1.422467e+00     2.129652e-08     0.000000e+00     0.000000e+00     2.220595e-20     7.197646e-14
  74      2.775000e+04    -1.503246e+00     1.523580e-08     0.000000e+00     0.000000e+00     9.960566e-21     4.150017e-14
  75      2.812500e+04    -1.579280e+00     1.097913e-08     0.000000e+00     0.000000e+00     4.906689e-21     2.507033e-14
  76      2.850000e+04    -1.653920e+00     7.837972e-09     0.000000e+00     0.000000e+00     2.421025e-21     1.496184e-14
  77      2.887500e+04    -1.719896e+00     5.633527e-09     0.000000e+00     0.000000e+00     1.152159e-21     8.882111e-15
  78      2.925000e+04    -1.788151e+00     4.153045e-09     0.000000e+00     0.000000e+00     5.846878e-22     5.488171e-15
  79      2.962500e+04    -1.849814e+00     3.139879e-09     0.000000e+00     0.000000e+00     2.993559e-22     3.463131e-15
  80      3.000000e+04    -1.909678e+00     2.457480e-09     0.000000e+00     0.000000e+00     1.464276e-22     2.244682e-15
